71,27
71,26
71,25
71,24
71,23
71,22
71,21
71,20
71,19
71,18
71,17
71,16
71,15
71,14
71,13
71,12
71,11
71,10
71,9
71,7
71,5
71,4
71,2
71,1
71,0
70,4
70,3
70,2
70,1
70,0
69,8
69,7
69,6
69,5
69,4
69,3
69,2
69,1
69,0
68,5
68,4
68,3
68,2
68,1
68,0
67,4
67,3
67,2
67,1
67,0
66,5
66,4
66,3
66,2
66,1
66,0
65,5
65,4
65,3
65,2
65,1
65,0
64,5
64,4
64,3
64,2
64,1
64,0
63,5
63,4
63,3
63,2
63,1
63,0
62,6
62,5
62,4
62,3
62,2
62,1
62,0
4,3
4,2
4,1
4,0
3,6
3,5
3,4
3,3
3,2
3,1
3,0
2,11
2,9
2,7
2,3
2,2
2,1
2,0
1,3
1,2
1,1
1,0
0,408
0,322
0,243
0,1
0,0
71,101
71,3
0,9
0,310
0,305
0,308
0,304
0,303
0,302
0,307
0,12
0,10
0,8
0,332
0,300
0,434
0,299
0,337
0,298
0,413
0,297
0,433
0,296
0,412
0,295
0,411
0,294
0,410
0,293
0,409
0,292
0,407
0,291
0,432
0,290
0,437
0,289
0,406
0,288
0,405
0,287
0,431
0,286
0,404
0,285
0,403
0,284
0,402
0,283
0,401
0,282
0,400
0,281
0,430
0,280
0,436
0,279
0,399
0,278
0,398
0,277
0,447
0,276
0,366
0,275
71,28
71,29
71,31
71,32
71,34
71,35
71,37
71,65
71,66
71,68
71,69
71,71
71,73
71,74
71,76
71,77
71,79
71,80
71,82
71,84
71,85
71,87
71,88
71,90
71,92
71,93
71,95
71,96
71,98
71,99
72,0
72,2
72,3
72,5
73,0
73,2
73,4
73,5
73,7
73,8
73,10
73,11
74,1
74,3
74,5
87,1
87,2
87,4
87,6
89,0
89,2
89,3
89,5
93,1
93,2
93,4
93,5
93,7
93,8
95,0
95,2
95,3
95,5
98,0
98,2
98,3
98,1
95,4
95,1
93,9
93,6
93,3
93,0
89,4
89,1
87,5
87,3
87,0
74,2
74,0
73,9
73,6
73,3
73,1
72,4
72,1
71,100
71,97
71,94
71,91
71,89
71,86
71,83
71,81
71,78
71,75
71,72
71,70
71,67
71,64
71,36
71,33
71,30
0,365
0,274
0,414
0,273
0,361
0,272
0,329
0,271
0,428
0,270
0,397
0,269
0,360
0,268
0,328
0,267
0,426
0,266
0,330
0,265
0,389
0,264
0,388
0,263
0,387
0,262
0,386
0,261
0,425
0,260
0,326
0,259
0,385
0,258
0,396
0,257
0,423
0,256
0,383
0,255
0,382
0,254
0,253
0,380
0,252
0,379
0,251
0,422
0,250
0,421
0,249
0,378
0,248
0,377
0,247
0,420
0,246
0,376
0,245
0,435
0,244
0,374
0,242
0,373
0,241
0,372
0,240
0,419
0,239
0,446
0,238
0,371
0,237
0,370
0,236
0,439
0,235
0,369
0,234
0,393
0,233
0,445
0,232
0,417
0,231
0,391
0,230
0,392
0,229
0,415
0,228
0,429
0,227
0,363
0,226
0,324
0,225
0,384
0,224
0,390
0,223
0,395
0,222
0,358
0,221
0,357
0,220
0,219
0,355
0,218
0,354
0,217
0,353
0,216
0,444
0,215
0,351
0,214
0,350
0,213
0,349
0,212
0,348
0,211
0,424
0,210
0,443
0,209
0,345
0,208
0,418
0,207
0,343
0,206
0,394
0,205
0,341
0,204
0,364
0,203
0,416
0,202
0,336
0,201
0,362
0,200
0,438
0,199
0,335
0,198
0,334
0,197
0,196
0,440
0,195
0,194
0,352
0,193
0,442
0,192
0,375
0,63
0,327
0,62
0,346
0,61
0,325
0,60
0,368
0,59
0,58
0,321
0,57
0,320
0,56
0,340
0,55
0,318
0,54
0,317
0,53
0,316
0,52
0,315
0,51
0,314
0,50
0,313
0,49
0,312
0,48
0,367
0,47
0,309
0,46
0,306
0,45
0,338
0,6
0,5
0,11
0,4
0,2
0,3
0,7
